,Central America ,South Asia,Sub-Saharan Africa,Eastern Europe,Western Asia,South America,Oceania,Western Europe,South-East Asia,North America,Northern Europe,Central Asia ,North Africa,Southern Europe
Central America ,215008,14,2414,4962,6236,36975,7541,81356,510,3233173,42572,4899,390,190931
South Asia,3846,1307907,55555,13079,4903558,2888,347420,297476,525881,1508008,755399,86884,7916,325555
Sub-Saharan Africa,793,243,3717881,6442,305291,10738,149130,430954,576,478694,483736,5642,44230,312329
Eastern Europe,36,5,589,315272,13543,706,9137,177341,2,7455,65289,189305,125,456014
Western Asia,645,16120,41403,81612,979296,8886,39798,253958,3138,170652,89952,155626,93782,109428
South America,26456,351,19431,18644,32516,600759,28490,157063,2035,394674,68645,115516,417,1200694
Oceania,349,5,4475,24229,11371,1436,190706,28276,11883,27137,46514,9904,272,72232
Western Europe,1040,9,42358,216677,77710,5396,18763,442833,4878,9854,129499,17830,2244,507931
South-East Asia,2493,59126,8004,57470,869406,3587,333608,273505,1630997,973060,176095,388116,17576,94531
North America,208668,158,58827,162959,131288,68240,52303,279267,41758,96102,248379,124404,4253,551959
Northern Europe,2770,2,118260,66783,41223,6125,98602,69445,1671,47627,172448,16507,1255,192786
Central Asia ,9226,2951,16574,216201,23668,26211,279690,250693,145349,1073377,216680,2084939,1719,160922
North Africa,93,1,12512,5437,367718,692,6858,404765,340,62193,22807,1694,57855,442162
Southern Europe,449,4,12289,13810,7311,236,1022,14745,197,713,7028,1941,206,15030
