,Central America ,South Asia,Sub-Saharan Africa,Eastern Europe,Western Asia,South America,Oceania,Western Europe,South-East Asia,North America,Northern Europe,Central Asia ,North Africa,Southern Europe
Central America ,194558,1607,4144,1200,2902,20848,7162,36347,874,3135920,27170,1181,291,52525
South Asia,978,5877911,31464,859,374141,790,53388,75092,94228,416024,123643,23044,1432,54498
Sub-Saharan Africa,419,1869,7788210,1491,161918,1226,17366,76673,813,129519,200443,2183,61595,55312
Eastern Europe,631,2846,6067,1054170,368356,4431,25132,934483,839,193144,103327,239981,501,530309
Western Asia,647,240460,316704,156456,1117477,2648,28298,620379,14103,202881,77274,773807,54136,62654
South America,27939,5801,20410,3852,20569,431259,9916,116630,3093,387668,24598,119712,75,177492
Oceania,1230,3134,37143,7306,16263,2640,92573,37259,28181,29020,27928,4515,4,35593
Western Europe,1085,13820,213308,11885,16318,3966,4345,187449,262,12519,32343,797,740,105075
South-East Asia,2653,235360,14237,7543,254820,8284,213862,304242,870249,1078007,104961,268089,12823,45503
North America,161471,60182,102909,43034,106990,28388,37118,559743,10439,57617,96206,23329,644,216377
Northern Europe,1496,20194,174432,52728,35962,2545,112541,259462,10753,9418,183310,102436,17,49415
Central Asia ,7254,96137,33857,234672,94965,32628,121085,952664,69429,830706,99944,1867230,1771,70611
North Africa,682,12788,143614,4716,943084,3614,20974,337238,2205,99568,37670,3641,22724,202063
Southern Europe,1226,8503,147928,10704,20610,3032,5660,330625,1518,4807,25043,7426,598,41752
