,Central America ,South Asia,Sub-Saharan Africa,Eastern Europe,Western Asia,South America,Oceania,Western Europe,South-East Asia,North America,Northern Europe,Central Asia ,North Africa,Southern Europe
Central America ,204643,362,2404,3635,4291,42589,6150,74647,414,4054476,37187,3014,400,211686
South Asia,2822,1903789,43367,4888,2055796,1389,219683,142456,327597,1127535,505771,39156,4517,230783
Sub-Saharan Africa,837,1579,3766782,4781,178232,10118,103006,465412,921,412173,360757,3942,30306,289920
Eastern Europe,154,78,1648,478482,49113,1639,9802,442051,4,45673,174438,211914,244,683386
Western Asia,437,45831,41310,86314,1155897,5044,25513,307575,5350,155266,103632,225719,101537,162841
South America,24466,1174,18900,11109,21471,583282,19037,148416,875,376999,54658,69025,405,1243283
Oceania,681,936,6499,11174,15006,2656,161615,37228,18225,49489,52527,5067,337,101260
Western Europe,739,7129,19204,51547,42499,3463,6029,381975,14363,4370,83750,5462,1201,613346
South-East Asia,2583,132847,9206,36366,629348,3115,247333,270950,1832683,996078,155022,246914,15388,87824
North America,145356,62788,32352,63633,68084,65205,30115,255416,91449,84668,217764,31168,3094,574354
Northern Europe,2810,7809,87603,51429,32524,6727,34852,96657,3427,50164,238736,5501,1200,229709
Central Asia ,14372,73712,26043,223312,46245,40929,295673,462820,143614,1562715,256994,2201171,3059,223633
North Africa,81,10272,11790,4743,306787,1102,8103,426868,1848,71975,22379,813,94351,443310
Southern Europe,269,62,13552,5426,5052,152,365,8245,80,330,3487,440,101,8744
