,Central America ,South Asia,Sub-Saharan Africa,Eastern Europe,Western Asia,South America,Oceania,Western Europe,South-East Asia,North America,Northern Europe,Central Asia ,North Africa,Southern Europe
Central America ,244543,1044,159,623,59,10631,5278,4838,731,3136616,4792,250,102,40470
South Asia,10975,1707731,16009,2267,200068,1874,94580,119984,482266,887463,230839,63498,7639,69702
Sub-Saharan Africa,3213,4746,5799083,2510,97103,8210,59125,242796,5085,438830,281853,3658,42011,268180
Eastern Europe,2693,1762,1578,585178,96661,3757,25250,639287,1140,391534,88177,548864,148,416660
Western Asia,24078,183889,68099,121471,650350,21388,76749,338436,79142,833534,186840,499003,86873,81485
South America,48426,4359,1675,4745,4734,369843,10160,24733,3858,725571,11653,99096,1,208646
Oceania,9069,2704,1368,18264,3315,1373,108208,4202,24480,81612,30441,8689,2,14560
Western Europe,40300,36166,49771,190462,34036,18031,27821,198469,63391,291720,150691,13427,54,323353
South-East Asia,5573,34201,4022,3325,37072,2942,118522,42076,1115045,953797,35504,277126,3393,27003
North America,66272,457,15433,33903,1083,2908,5149,5937,64871,191071,8689,17617,117,8414
Northern Europe,15349,15995,20956,46145,16438,3441,62418,106522,23460,228604,158242,70682,13,65882
Central Asia ,19349,14394,15928,167900,45136,29254,93758,596372,59707,1166812,83760,1706989,571,52983
North Africa,16670,39477,35520,7108,640002,6419,33480,378584,10801,234431,61953,9387,43560,304473
Southern Europe,27948,8923,6954,16124,12203,10693,13223,126138,2880,109656,37673,12162,596,71199
